-4.13912000
-4.10269167
-4.06626333
-4.02983500
-3.99340667
-3.95697833
-3.92055000
-3.88412167
-3.84769333
-3.81126500
-3.77483667
-3.73840833
-3.70198000
-3.66555167
-3.62912333
-3.59269500
-3.55626667
-3.51983833
-3.48341000
-3.44698167
-3.41055333
-3.37412500
-3.33769667
-3.30126833
-3.26484000
-3.22841333
-3.19198500
-3.15555667
-3.11912833
-3.08270000
-3.04627167
-3.00984333
-2.97341500
-2.93698667
-2.90055833
-2.86413000
-2.82770167
-2.79127333
-2.75484500
-2.71841667
-2.68198833
-2.64556000
-2.60913167
-2.57270333
-2.53627500
-2.49984667
-2.46341833
-2.42699000
-2.39056167
-2.35413333
-2.31770667
-2.28127833
-2.24485000
-2.20842167
-2.17199333
-2.13556500
-2.09913667
-2.06270833
-2.02628000
-1.98985167
-1.95342333
-1.91699500
-1.88056667
-1.84413833
-1.80771000
-1.77128167
-1.73485333
-1.69842500
-1.66199700
-1.62556883
-1.58914050
-1.55271233
-1.51628400
-1.47985567
-1.44342750
-1.40699917
-1.37057100
-1.33414267
-1.29771433
-1.26128617
-1.22485783
-1.18842967
-1.15200133
-1.11557300
-1.07914483
-1.04271650
-1.00628833
-0.96986000
-0.93343167
-0.89700350
-0.86057517
-0.82414700
-0.78771867
-0.75129033
-0.71486217
-0.67843383
-0.64200567
-0.60557733
-0.56914900
-0.53272083
-0.49629250
-0.45986433
-0.42343600
-0.38700767
-0.35057950
-0.31415117
-0.27772300
-0.24129467
-0.20486633
-0.16843817
-0.13200987
-0.09558160
-0.05915333
-0.02272507
0.01370320
0.05013147
0.08655973
0.12298800
0.15941627
0.19584450
0.23227283
0.26870100
0.30512933
0.34155767
0.37798583
0.41441417
0.45084233
0.48727067
0.52369900
0.56012717
0.59655550
0.63298367
0.66941200
0.70584033
0.74226850
0.77869683
0.81512500
0.85155333
0.88798167
0.92440983
0.96083817
0.99726633
1.03369467
1.07012300
1.10655117
1.14297950
1.17940767
1.21583600
1.25226433
1.28869250
1.32512083
1.36154900
1.39797733
1.43440567
1.47083383
1.50726217
1.54369033
1.58011867
1.61654700
1.65297517
1.68940333
1.72583167
1.76226000
1.79868833
1.83511667
1.87154500
1.90797333
1.94440167
1.98083000
2.01725833
2.05368667
2.09011500
2.12654333
2.16297167
2.19940000
2.23582667
2.27225500
2.30868333
2.34511167
2.38154000
2.41796833
2.45439667
2.49082500
2.52725333
2.56368167
2.60011000
2.63653833
2.67296667
2.70939500
2.74582333
2.78225167
2.81868000
2.85510833
2.89153667
2.92796500
2.96439333
3.00082167
3.03725000
3.07367833
3.11010667
3.14653333
3.18296167
3.21939000
3.25581833
3.29224667
3.32867500
3.36510333
3.40153167
3.43796000
3.47438833
3.51081667
3.54724500
3.58367333
3.62010167
3.65653000
3.69295833
3.72938667
3.76581500
3.80224333
3.83867167
3.87510000
