0.11285467
0.14928293
0.18571117
0.22213950
0.25856767
0.29499600
0.33142433
0.36785250
0.40428083
0.44070900
0.47713733
0.51356567
0.54999383
0.58642217
0.62285033
0.65927867
0.69570700
0.73213517
0.76856350
0.80499167
0.84142000
0.87784833
0.91427650
0.95070483
0.98713300
1.02356133
1.05998967
1.09641783
1.13284617
1.16927433
1.20570267
1.24213100
1.27855917
1.31498750
1.35141567
1.38784400
1.42427233
1.46070050
1.49712883
1.53355700
1.56998533
1.60641367
1.64284183
1.67927000
1.71569833
1.75212667
1.78855500
1.82498333
1.86141167
1.89784000
1.93426833
1.97069667
2.00712500
2.04355333
2.07998167
2.11641000
2.15283833
2.18926667
2.22569333
2.26212167
2.29855000
2.33497833
2.37140667
2.40783500
2.44426333
2.48069167
2.51712000
2.55354833
2.58997667
2.62640500
2.66283333
2.69926167
2.73569000
2.77211833
2.80854667
2.84497500
2.88140333
2.91783167
2.95426000
2.99068833
3.02711667
3.06354500
3.09997333
3.13640000
3.17282833
3.20925667
3.24568500
3.28211333
3.31854167
3.35497000
3.39139833
3.42782667
3.46425500
3.50068333
3.53711167
3.57354000
3.60996833
3.64639667
3.68282500
3.71925333
3.75568167
3.79211000
3.82853833
3.86496667
3.90139500
3.93782333
3.97425167
4.01068000
4.04710667
4.08353500
4.11996333
4.15639167
4.19282000
4.22924833
4.26567667
4.30210500
4.33853333
4.37496167
4.41139000
4.44781833
4.48424667
4.52067500
4.55710333
4.59353167
4.62996000
4.66638833
4.70281667
4.73924500
4.77567333
